<?xml version="1.0"?>
<opencv_storage>
<calibration_time>"Wed Apr 20 21:26:16 2016"</calibration_time>
<nr_of_frames>25</nr_of_frames>
<image_width>1280</image_width>
<image_height>720</image_height>
<board_width>9</board_width>
<board_height>6</board_height>
<square_size>25.</square_size>
<!-- flags: -->
<flags>6144</flags>
<fisheye_model>0</fisheye_model>
<camera_matrix type_id="opencv-matrix">
  <rows>3</rows>
  <cols>3</cols>
  <dt>d</dt>
  <data>
    1.1101834074470662e+03 0. 6.1139901372770169e+02 0.
    1.0913867992287221e+03 3.4094413881543295e+02 0. 0. 1.</data></camera_matrix>
<distortion_coefficients type_id="opencv-matrix">
  <rows>5</rows>
  <cols>1</cols>
  <dt>d</dt>
  <data>
    5.7665127223617593e-02 -1.9763000022202506e+00
    -3.5874976666284968e-02 -1.6317453837425195e-03
    8.2210916133088219e+00</data></distortion_coefficients>
<avg_reprojection_error>1.6175306415624716e-01</avg_reprojection_error>
<per_view_reprojection_errors type_id="opencv-matrix">
  <rows>25</rows>
  <cols>1</cols>
  <dt>f</dt>
  <data>
    1.91606715e-01 2.05054373e-01 1.86377972e-01 1.28548861e-01
    1.28477186e-01 1.51828349e-01 1.34093180e-01 1.38887793e-01
    1.33594304e-01 1.33920670e-01 1.30619913e-01 1.34763107e-01
    1.11772448e-01 1.16482049e-01 1.41590595e-01 1.36167064e-01
    1.48097992e-01 1.30410627e-01 1.83832958e-01 1.84325233e-01
    1.75977334e-01 1.52332276e-01 2.69291520e-01 2.28110209e-01
    1.61738500e-01</data></per_view_reprojection_errors>
<extrinsic_parameters type_id="opencv-matrix">
  <rows>25</rows>
  <cols>6</cols>
  <dt>d</dt>
  <data>
    -3.5230679751788829e-01 -3.9627731742297168e-01
    3.0551906120989520e+00 3.1567833477961454e+02
    -1.5216135534753661e+02 1.5326396724861165e+03
    -4.1232422811043656e-01 -4.2492069423203443e-01
    3.0459506281851039e+00 3.2991585988655879e+02
    -2.1899497068580439e+02 1.5172302553665268e+03
    -4.4100604356970385e-01 -4.4625356192903337e-01
    2.9860500052710206e+00 3.2103235828122820e+02
    -2.9723111800315104e+02 1.4880654214813312e+03
    -2.0061175341492357e-01 -1.7302296988179769e-01
    3.0599583910638151e+00 2.6465203229443733e+02
    -1.1712610595472466e+02 1.5460052013403538e+03
    -2.3513512155876004e-01 -2.6127918740338735e-01
    3.0647770239107457e+00 2.3533572226808786e+02
    -2.2323227391157479e+02 1.5353705071502261e+03
    -2.9062195152492071e-01 -2.1465159304017625e-01
    3.0613055405436240e+00 2.8974580217898534e+02
    -2.2304221138795600e+02 1.5515634777402197e+03
    -2.4692664932667460e-01 -1.7123088716897902e-01
    3.0653743160062610e+00 3.3849849064082372e+02
    -1.9865181460947872e+02 1.5642718014310485e+03
    -2.4795612432599529e-01 -1.7226350259823370e-01
    3.0643477207760843e+00 3.3909185432242339e+02
    -1.9553072696000714e+02 1.5667694249654983e+03
    -2.4728398696102907e-01 -1.6871782630622742e-01
    3.0642315176226744e+00 3.3906769611350330e+02
    -1.9233619761843730e+02 1.5684282244066837e+03
    -2.4486024918781127e-01 -1.6296632103914643e-01
    3.0654317629610941e+00 3.3863199896974169e+02
    -1.8914665152523983e+02 1.5712821864404341e+03
    -2.5296413195204104e-01 -1.5670792089422864e-01
    3.0652248474831243e+00 3.3744156853405644e+02
    -1.8557635695861322e+02 1.5713269569762613e+03
    -2.4486449642594610e-01 -1.5496931871382372e-01
    3.0661089697915540e+00 3.3706582062086983e+02
    -1.8277879358139759e+02 1.5744507617103854e+03
    -2.4402494049793044e-01 -1.4974076209120804e-01
    3.0654846885991498e+00 3.3656310898295311e+02
    -1.7969710826815063e+02 1.5769093187427954e+03
    -2.3921624081666090e-01 -1.4723184066870215e-01
    3.0638655464509337e+00 3.3662499192109573e+02
    -1.7598071987097543e+02 1.5795733008275599e+03
    -2.3078680138888788e-01 -1.4001417752754958e-01
    3.0611119190723186e+00 3.3683191754547727e+02
    -1.7175407122823660e+02 1.5816862856462910e+03
    -2.2443331158614441e-01 -1.3303497546777757e-01
    3.0555152894057716e+00 3.3667075878858100e+02
    -1.6733077834750875e+02 1.5831985166134923e+03
    -2.0728042730880675e-01 -1.1323071742338053e-01
    3.0428468868454077e+00 3.3642892915529120e+02
    -1.5722442652018026e+02 1.5862168841019459e+03
    -1.7248625845810978e-01 -1.2871302335796997e-01
    3.0362564847504365e+00 3.2800874494815645e+02
    -1.3205590857189688e+02 1.5912986016961445e+03
    -4.3221484325597102e-02 -2.9596958577676968e-01
    3.0568302248853003e+00 1.8573422671450624e+02
    -6.2780399164141024e+01 1.5576045874880060e+03
    8.5858560835301065e-02 -3.2578310197228094e-01
    3.0677135901706696e+00 8.8849021402230761e+01
    -5.9868894129060124e+01 1.5262933153295592e+03
    -3.0616971585452130e-01 -2.0162194026381927e-01
    3.0364449641024578e+00 2.1912572496843828e+02 3.5847027893066375e+01
    1.5433310138282086e+03 2.6480348181053870e-01
    -3.0614618836816715e-01 2.9929833198201687e+00
    -1.0814237412377699e+01 -1.1881740309512205e+02
    1.4638567048950292e+03 -7.9408949602583900e-01
    2.1484644281919005e-01 -3.0362016462168615e+00
    2.1222578353873541e+02 -1.6368418362544432e+02
    1.4679016572143596e+03 6.7330241708229288e-01
    -2.3522253199961343e-01 3.0567413893395465e+00
    2.1977933789721911e+02 -1.6542063196964472e+02
    1.4741122670467691e+03 5.5318835343687334e-01
    -2.7445479278737445e-01 3.0755306499166948e+00
    2.2523315341225972e+02 -1.6690950192451967e+02
    1.4811213821929568e+03</data></extrinsic_parameters>
