<?xml version="1.0"?>
<opencv_storage>
<calibration_time>"Sat Mar  5 01:44:12 2016"</calibration_time>
<nr_of_frames>25</nr_of_frames>
<image_width>1280</image_width>
<image_height>720</image_height>
<board_width>9</board_width>
<board_height>6</board_height>
<square_size>25.</square_size>
<fix_aspect_ratio>1.</fix_aspect_ratio>
<!-- flags: +fix_aspectRatio +fix_principal_point +zero_tangent_dist -->
<flags>6158</flags>
<fisheye_model>0</fisheye_model>
<camera_matrix type_id="opencv-matrix">
  <rows>3</rows>
  <cols>3</cols>
  <dt>d</dt>
  <data>
    8.5061951009854658e+02 0. 6.3950000000000000e+02 0.
    8.5061951009854658e+02 3.5950000000000000e+02 0. 0. 1.</data></camera_matrix>
<distortion_coefficients type_id="opencv-matrix">
  <rows>5</rows>
  <cols>1</cols>
  <dt>d</dt>
  <data>
    2.2236649340939576e-02 -1.4008265910297504e-01 0. 0.
    1.0495096381201222e-01</data></distortion_coefficients>
<avg_reprojection_error>1.7548127959779505e+00</avg_reprojection_error>
<per_view_reprojection_errors type_id="opencv-matrix">
  <rows>25</rows>
  <cols>1</cols>
  <dt>f</dt>
  <data>
    1.07705545e+00 8.18988621e-01 8.68582129e-01 8.85946810e-01
    7.23039484e+00 1.21328795e+00 6.44010067e-01 7.16272712e-01
    8.53317201e-01 7.90728867e-01 6.85523272e-01 5.96652269e-01
    8.80449176e-01 9.40850377e-01 8.88727248e-01 9.93324757e-01
    1.07353783e+00 1.12643397e+00 1.11216080e+00 1.09931767e+00
    1.36277735e+00 1.20251775e+00 1.54943228e+00 1.53303885e+00
    6.31224811e-01</data></per_view_reprojection_errors>
<extrinsic_parameters type_id="opencv-matrix">
  <rows>25</rows>
  <cols>6</cols>
  <dt>d</dt>
  <data>
    -1.9115415952872881e-02 1.0422855441371189e-01
    8.2121737110185694e-02 -2.1527808235140469e+02
    -1.4304011849723935e+02 3.4769024828302457e+02
    -5.6425164849965827e-02 1.0671242986464390e-01
    8.7137162108158306e-02 -2.1203587594824978e+02
    -1.4453341287407238e+02 3.5581152395043136e+02
    -4.9633868593378094e-02 1.1463703956244500e-01
    8.4428135064601326e-02 -2.0919263577643346e+02
    -1.4632162773968909e+02 3.5497800240467586e+02
    -7.8711127097859768e-02 1.1888884596659086e-01
    9.7437116577839739e-02 -2.0602883641202698e+02
    -1.4729369727113934e+02 3.6277478995919046e+02
    3.5982212767095047e-02 1.7357777368465949e-01 1.3960293570080740e-01
    -7.6294932978637391e+01 -1.3857182081461909e+02
    3.5330812164761994e+02 4.8385933408818041e-02 2.0664913302572654e-01
    1.5219958137529324e-01 -4.6395003821811230e+01
    -1.3782913358371806e+02 3.4415465420611082e+02
    5.6434789977666378e-02 2.3066423888402102e-01 1.5883214079969474e-01
    -2.9105443266171772e+01 -1.3688603024274076e+02
    3.4394584321411457e+02 3.2680634119228023e-02 2.3414790746504632e-01
    1.6675157100519084e-01 -2.2144676396528013e+01
    -1.3868212073176380e+02 3.4944892599873299e+02
    3.7677441039234927e-02 2.3162859198336166e-01 1.7040989379647672e-01
    -1.8358641273803734e+01 -1.3956436331044253e+02
    3.4799563436927565e+02 4.2303936910721852e-02 2.2889620000880895e-01
    1.7345612588891177e-01 -1.8516989085522951e+01
    -1.3961846467102802e+02 3.4709130217611289e+02
    4.3259316878728041e-02 2.2903322617156788e-01 1.7676575921799262e-01
    -1.5626105215240010e+01 -1.3934015203008988e+02
    3.4670417610988869e+02 4.0772055310837343e-02 2.3699320323081488e-01
    1.7796501990522312e-01 -5.8809543529424229e+00
    -1.3932926048227526e+02 3.4710375150146712e+02
    3.7416335897416789e-02 2.5202317704927174e-01 1.8466833794783288e-01
    9.0236584205207127e-01 -1.3936085798251830e+02
    3.4981359735742330e+02 4.6193477520367662e-02 2.4083677713669630e-01
    1.8117828020957022e-01 -4.8792697917581185e-01
    -1.3685385310110493e+02 3.4706324373567213e+02
    5.3634570296308588e-02 2.3577046921645523e-01 1.8291456818917695e-01
    -1.5128871294804023e+00 -1.3440584805660535e+02
    3.4478810344159734e+02 6.3300378079658132e-02 2.4030887497577264e-01
    1.8404587414383375e-01 -3.0890788776342961e+00
    -1.3097672571113017e+02 3.4219020017170340e+02
    6.7107159409012976e-02 2.4425701231624117e-01 1.8839734913112768e-01
    -6.3790152766040471e+00 -1.2408924817863947e+02
    3.4045021223317912e+02 8.2733204461412913e-02 2.4078826106368420e-01
    1.8044398918676255e-01 -1.1114184723467059e+01
    -1.2000685038345631e+02 3.3639418206425393e+02
    7.7368788077483014e-02 2.3141426854783143e-01 1.8012032666570932e-01
    -1.4237150562789196e+01 -1.1142773705513679e+02
    3.3699177618485732e+02 8.8760769275859755e-02 2.1934998927810240e-01
    1.6887087621797173e-01 -1.7964185701044588e+01
    -1.0575996040369323e+02 3.3378548334308022e+02
    7.0641648782535996e-02 2.4116752876332129e-01 1.4959046713284765e-01
    -1.6721168660794952e+01 -9.1800424572370758e+01
    3.4321093424194856e+02 3.6503471404351222e-02 2.4361142912390907e-01
    1.6185685581748985e-01 -1.2660263853421027e+01
    -7.3881169961819253e+01 3.5994369573118581e+02
    2.7956250621338241e-03 2.5264044522300594e-01 1.5840410070332131e-01
    -9.5180283172628179e+00 -5.4413056170215967e+01
    3.7449773985079213e+02 -2.8947389535043083e-02
    2.0555095894717609e-01 2.0948349131580066e-01
    -6.1025250621402061e-01 -3.6173069584227989e+01
    3.8060249272835006e+02 -3.0731332720753759e-02
    1.9868486433847038e-01 1.9961413884530710e-01
    -3.9566698270573286e+00 -2.3824199735474242e+01
    3.8029921321823701e+02</data></extrinsic_parameters>
